1.532033 2.904750 0.146623
1.637127 2.963367 0.141625
1.552164 2.916812 -0.006563
1.681080 2.988717 0.004281
1.672356 2.608148 0.210347
1.797605 2.672845 0.207170
1.674122 2.639664 -0.103262
1.817638 2.722855 -0.103705
1.569230 2.814784 0.242339
1.671518 2.871836 0.242339
1.656263 2.637002 0.239196
1.777050 2.704372 0.239196
1.666378 2.640608 0.381376
1.768666 2.697660 0.381376
1.683114 2.588861 0.292302
1.803901 2.656231 0.292302
1.763539 2.466408 0.382532
1.865827 2.523460 0.382532
1.747860 2.472778 0.308769
1.868647 2.540148 0.308769
1.590358 2.768184 -0.080475
1.778100 2.720528 0.204726
1.825316 2.333908 -0.147432
1.946103 2.401278 -0.147432
1.840213 2.307199 0.201230
1.961000 2.374568 0.201230
0.463003 5.924448 -0.201985
0.276626 4.742206 -0.122383
0.463003 5.924448 0.323930
0.228807 4.742206 0.147084
0.525141 5.137493 0.351882
0.492156 5.137493 -0.331595
0.407293 5.137075 -0.481660
0.388534 5.137075 0.538786
0.347989 6.022520 -0.266009
0.347989 6.014487 0.392758
0.550262 5.571189 0.351882
0.517277 5.571189 -0.383639
0.390936 5.547233 0.538786
0.425870 5.572141 -0.533704
0.549823 5.358886 0.351882
0.516838 5.358886 -0.383639
0.360241 5.357405 0.538786
0.425882 5.313669 -0.533704
0.161137 5.134802 0.637293
0.186078 6.082950 0.420854
0.187978 5.134802 -0.554735
0.186078 6.061386 -0.317422
0.203351 5.540416 -0.606779
0.202755 5.505352 0.637293
0.178499 5.310799 0.637293
0.176676 5.327041 -0.606779
0.282323 5.542599 0.597699
0.280082 5.318087 0.597699
0.386454 5.433361 0.538786
0.183382 5.429417 0.637293
0.390936 5.547233 0.498980
0.360241 5.357405 0.498980
0.202755 5.505352 0.597487
0.178499 5.310799 0.597487
0.282323 5.542599 0.557893
0.280082 5.318087 0.557893
0.386454 5.433361 0.498980
0.183382 5.429417 0.597487
0.280637 5.431330 0.557893
0.528390 5.743439 0.351882
0.495405 5.743439 -0.362147
0.429678 5.765842 0.507533
0.389115 5.789654 -0.452149
0.197970 5.822304 -0.557180
0.197120 5.843151 0.573474
0.377285 4.796107 -0.112295
0.325482 4.796107 0.386175
0.221376 4.796107 0.551514
0.296115 4.796107 -0.229747
0.129844 4.796107 0.613801
0.160879 4.796107 -0.296947
0.463003 5.924448 0.013570
0.347989 6.019335 0.054527
0.550262 5.658069 -0.034076
0.549823 5.270516 -0.034076
0.186078 6.094638 0.051511
0.528390 5.743439 -0.048117
0.550131 5.567549 0.122419
0.549953 5.369145 0.122419
0.549933 5.369145 -0.194015
0.550132 5.567549 -0.194015
0.617162 5.658011 -0.034078
0.616723 5.270459 -0.034078
0.617031 5.567492 0.122418
0.616853 5.369088 0.122418
0.616833 5.369088 -0.194016
0.617032 5.567492 -0.194016
0.639106 4.047582 0.406400
0.631428 4.047582 -0.155878
0.574678 2.183036 0.295764
0.599629 4.568205 0.264203
0.574678 2.183036 -0.146079
0.600552 4.568205 -0.129568
0.566796 2.256977 -0.146079
0.566796 2.256977 0.295764
0.477545 2.815974 -0.086224
0.475645 2.815974 0.273076
0.152601 2.183036 -0.146079
0.152601 2.183036 0.295764
0.651114 0.012117 0.315299
0.598462 0.012117 -0.080547
0.233175 0.012117 -0.080547
0.161644 0.012117 0.315299
1.362635 3.585776 0.225379
1.134135 3.457505 0.179083
1.149291 3.466689 -0.054187
1.435484 3.627284 -0.063839
0.251698 0.696711 0.238667
0.583745 0.696711 0.238667
0.251698 0.696711 -0.097915
0.583745 0.696711 -0.097915
1.366783 3.672216 -0.044646
1.159246 3.557528 -0.051535
1.141353 3.546563 0.183645
1.328245 3.659577 0.177127
0.482327 3.479197 -0.104221
0.455482 3.479197 0.370407
0.220562 1.163046 0.283207
0.593641 1.163046 0.283207
0.220562 1.163046 -0.110776
0.593641 1.163046 -0.110776
1.637298 3.010544 0.170091
1.482821 2.924329 0.172470
1.501944 2.935823 -0.046258
1.685001 3.037988 -0.031792
0.232946 0.366353 0.292826
0.232946 0.306126 -0.080547
0.598691 0.306126 -0.080547
0.598691 0.366353 0.292826
0.244720 0.012117 0.823371
0.568038 0.012117 0.823371
0.249947 0.175551 0.768330
0.562811 0.175551 0.768330
0.700171 4.118382 -0.116339
0.690627 4.146616 0.331346
0.689252 4.525832 0.217491
0.703298 4.531493 -0.109810
1.755838 2.855448 -0.080841
1.778513 2.680006 0.381493
1.810328 2.644706 0.296503
1.689541 2.577337 0.296503
1.676224 2.622954 0.381493
1.584830 2.786813 0.264666
1.687119 2.843866 0.264666
1.781604 2.696205 0.255329
1.660817 2.628835 0.255329
0.235897 4.658012 -0.196006
0.235897 4.658012 0.342008
0.580954 2.106593 -0.144304
0.160208 2.106593 -0.144304
0.160208 2.106593 0.293989
0.580954 2.106593 0.293989
0.596454 0.973035 0.255619
0.228516 0.973035 0.255619
0.228516 0.973035 -0.106044
0.596454 0.973035 -0.106044
0.607657 1.071048 0.264547
0.227432 1.071048 -0.110684
0.227432 1.071048 0.264547
0.607657 1.071048 -0.110684
0.562167 2.325952 -0.143927
0.562167 2.325952 0.293613
0.586543 1.651167 -0.136615
0.585932 1.397978 -0.118118
0.202682 1.397978 -0.118118
0.173462 1.651167 -0.136615
0.202682 1.397978 0.267804
0.173462 1.651167 0.286301
0.585932 1.397978 0.267804
0.586543 1.651167 0.286301
0.459235 3.152536 -0.082804
0.398147 3.152536 0.343906
0.554243 3.683429 -0.126151
0.554243 3.683429 0.402541
0.546224 2.477642 -0.136517
0.546224 2.477642 0.286202
0.235582 4.700109 0.232796
0.268417 4.700109 -0.177144
1.625604 2.713711 0.323021
1.727892 2.770763 0.323021
1.791053 2.679265 0.274414
1.670266 2.611895 0.274414
1.822170 2.601733 0.382012
1.838806 2.593650 0.304704
1.718019 2.526280 0.304704
1.719882 2.544681 0.382012
0.369190 4.111586 0.570995
0.485586 4.600791 -0.160156
0.330900 2.183036 0.368656
0.276957 2.815974 -0.199940
0.330900 2.183036 -0.226248
0.309557 2.256977 0.366413
0.235668 2.815974 0.345942
0.406379 0.012117 0.315299
0.406379 0.012117 -0.133290
0.408925 0.696711 -0.156533
0.408925 0.696711 0.293910
0.241680 3.479197 0.455215
0.278300 3.479197 -0.168019
0.393713 1.163046 -0.175409
0.393713 1.163046 0.344156
0.406379 0.306126 -0.133290
0.406379 0.366353 0.366389
0.406379 0.012117 0.935190
0.406379 0.199035 0.764550
0.386187 4.101739 -0.235769
0.301391 2.256977 -0.238124
0.479260 4.615874 0.352226
0.340190 2.106593 0.366281
0.340190 2.106593 -0.220279
0.401715 0.973035 -0.168948
0.401715 0.973035 0.315059
0.405520 1.071048 -0.175993
0.405520 1.071048 0.326172
0.298293 2.325952 0.365777
0.298293 2.325952 -0.259457
0.357447 1.651167 0.355991
0.376591 1.397978 0.331237
0.357447 1.651167 -0.209990
0.376591 1.397978 -0.185236
0.269957 3.152536 -0.175604
0.226552 3.152536 0.412319
0.329391 3.683429 0.511047
0.329391 3.683429 -0.196493
0.287625 2.477642 0.355859
0.287625 2.477642 -0.244931
1.498999 2.886325 0.077709
0.679235 4.016204 0.119877
0.613330 2.183036 0.073001
0.602781 2.256977 0.073001
0.553914 2.815974 0.073001
0.028083 2.139846 0.073001
0.651114 0.012117 0.116550
0.161644 0.012117 0.116550
1.097546 3.436856 0.107074
0.631112 0.696711 0.068688
0.186739 0.696711 0.068688
1.104797 3.518613 0.075606
0.554956 3.479197 0.143598
0.643356 1.163046 0.073001
0.144071 1.163046 0.073001
1.439201 2.899983 0.075258
0.651114 0.306126 0.116550
0.161644 0.306126 0.116550
0.698892 4.066798 0.091313
0.621729 2.106593 0.073001
0.032758 2.104743 0.073001
0.647918 0.973035 0.073056
0.155512 0.973035 0.073056
0.659945 1.071048 0.075089
0.151096 1.071048 0.075089
0.596587 2.325952 0.073001
0.633857 1.651167 0.073001
0.633039 1.397978 0.073001
0.081038 1.651167 0.073001
0.120142 1.397978 0.073001
0.521537 3.152536 0.108458
0.603104 3.683429 0.157277
0.575250 2.477642 0.073001
0.406379 0.012117 0.116550
1.580796 2.931948 0.185454
1.623254 2.956464 -0.034214
1.757244 2.689170 -0.103705
1.734847 2.643530 0.210347
1.620374 2.843310 0.242339
1.718753 2.672384 0.239196
1.717522 2.669133 0.381376
1.745604 2.624243 0.292302
1.814683 2.494934 0.382532
1.810350 2.508160 0.308769
1.887069 2.368872 -0.147432
1.900607 2.340883 0.201230
0.607379 4.386528 -0.174006
0.626943 4.393166 0.420320
1.307562 3.555467 -0.130784
1.240463 3.517207 0.270667
1.232395 3.601575 0.243631
1.270860 3.623864 -0.097629
1.619262 2.954237 -0.076818
1.557793 2.966171 0.228654
0.705250 4.387642 -0.143014
0.705250 4.387642 0.341263
1.692296 2.820007 -0.080841
1.727369 2.651480 0.381493
1.752032 2.612719 0.296503
1.723307 2.664218 0.255329
1.635975 2.815340 0.264666
0.179983 4.395983 0.476013
0.179983 4.395983 -0.257397
1.732756 2.647277 0.274414
1.676748 2.742237 0.323021
1.771026 2.573207 0.382012
1.780509 2.561662 0.304704
0.443579 4.395983 0.476013
0.443579 4.395983 -0.224472
0.434720 4.966800 -0.265531
0.425311 4.966800 0.369028
0.304955 4.966591 0.545150
0.351704 4.966591 -0.390904
0.145491 4.965455 0.625547
0.174429 4.965455 -0.434647
0.591218 0.501419 0.265747
0.242322 0.501419 0.265747
0.242322 0.501419 -0.089231
0.591218 0.501419 -0.089231
0.407652 0.501419 0.330149
0.407652 0.501419 -0.144911
0.174191 0.501419 0.092619
0.641113 0.501419 0.092619
0.242581 0.834873 0.242612
0.587843 0.834873 -0.101860
0.587843 0.834873 0.242612
0.242581 0.834873 -0.101860
0.405567 0.834873 0.299189
0.405567 0.834873 -0.161812
0.174539 0.834873 0.068688
0.636596 0.834873 0.068688
0.197984 0.253734 0.301537
0.232946 0.253734 -0.080547
0.598691 0.253734 -0.080547
0.624396 0.253734 0.301537
0.269718 0.142161 0.810491
0.543040 0.142161 0.810491
0.406171 0.147247 0.900359
0.406379 0.253734 -0.133290
0.651114 0.253734 0.116550
0.161644 0.253734 0.116550
0.179851 0.145257 0.308292
0.232946 0.145257 -0.080547
0.598691 0.145257 -0.080547
0.244720 0.087399 0.823371
0.406379 0.087399 0.935190
0.406379 0.145257 -0.133290
0.651114 0.145257 0.116550
0.161644 0.145257 0.116550
0.637728 0.145257 0.308292
0.568038 0.087399 0.823371
0.169552 0.012117 0.574153
0.238990 0.244014 0.574153
0.583018 0.244014 0.574153
0.643319 0.012117 0.574153
0.406436 0.012117 0.574153
0.406436 0.256498 0.574153
0.617228 0.197947 0.574153
0.200873 0.197947 0.574153
0.635631 0.113114 0.574153
0.180009 0.113114 0.574153
1.662771 2.977670 0.077432
0.508648 5.137493 0.010143
0.294613 4.742206 -0.005765
0.351383 4.796107 0.093354
0.612755 4.625965 0.073001
1.442135 3.630342 0.105066
1.378863 3.690208 0.073001
1.680277 3.034531 0.075125
0.719345 4.595812 0.073677
1.806152 2.701534 0.056893
1.665372 2.620672 0.053321
1.757836 2.795150 0.077145
1.623276 2.699639 0.079177
0.359967 4.658012 0.073001
1.953552 2.387923 0.026899
1.832765 2.320553 0.026899
0.328735 4.700109 0.023180
0.510560 4.644588 0.073001
1.894517 2.355517 0.026899
0.430016 4.966800 0.051749
0.601388 3.906906 -0.144243
0.592323 3.906906 0.442089
0.362852 3.906906 0.564480
0.362852 3.906906 -0.220197
0.656473 3.906906 0.156281
0.166835 1.878880 -0.140460
0.166835 1.878880 0.290145
0.583748 1.878880 0.290145
0.583748 1.878880 -0.140460
0.348819 1.878880 -0.215134
0.348819 1.878880 0.361136
0.069844 1.878880 0.073001
0.627793 1.878880 0.073001
0.753983 4.052307 -0.092749
0.754243 4.079474 0.298340
0.881491 4.392981 0.201851
0.887635 4.398610 -0.071668
0.734015 4.012545 0.081086
0.820367 4.287567 -0.121104
0.822465 4.283840 0.300674
0.921669 4.451317 0.074340
1.159632 4.004193 -0.032002
0.904512 3.825632 0.073615
1.062780 3.940451 -0.083904
1.062248 3.943220 0.246344
1.199427 4.026812 0.073696
0.953083 3.858833 -0.050032
0.962160 3.863391 0.214280
1.153261 3.996842 0.190000
1.261039 3.839278 -0.035504
1.031897 3.650898 0.072731
1.177147 3.769934 -0.092015
1.155602 3.752772 0.232522
1.287201 3.864180 0.075433
1.089219 3.694905 -0.043865
1.081114 3.690847 0.186456
1.236874 3.819905 0.170243
0.183211 0.012117 0.699169
0.406379 0.012117 0.699169
0.406379 0.231684 0.658654
0.606540 0.170054 0.691508
0.208877 0.170054 0.691508
0.626118 0.087399 0.699169
0.188139 0.087399 0.699169
0.248856 0.212957 0.671241
0.568402 0.212957 0.671241
0.629741 0.012117 0.699169
0.842670 3.961446 -0.077723
0.854075 3.982973 0.266298
1.036850 4.204963 0.203247
1.043224 4.212014 -0.057161
0.817429 3.929878 0.077086
0.939140 4.114543 -0.110447
0.948830 4.120971 0.281713
1.083574 4.255787 0.073793
0.590397 1.261909 -0.113865
0.213038 1.261909 -0.113865
0.213038 1.261909 0.286297
0.590397 1.261909 0.286297
0.386508 1.261909 0.348292
0.386508 1.261909 -0.179544
0.639014 1.261909 0.073001
0.134001 1.261909 0.073001
-1.532033 2.904750 0.146623
-1.637128 2.963367 0.141625
-1.552164 2.916812 -0.006563
-1.681080 2.988717 0.004281
-1.672356 2.608148 0.210347
-1.797605 2.672845 0.207170
-1.674122 2.639664 -0.103262
-1.817638 2.722855 -0.103705
-1.569230 2.814784 0.242339
-1.671518 2.871836 0.242339
-1.656263 2.637002 0.239196
-1.777050 2.704372 0.239196
-1.666378 2.640608 0.381376
-1.768666 2.697660 0.381376
-1.683114 2.588861 0.292302
-1.803901 2.656231 0.292302
-1.763539 2.466408 0.382532
-1.865827 2.523460 0.382532
-1.747860 2.472778 0.308769
-1.868647 2.540148 0.308769
-1.590358 2.768184 -0.080475
-1.778100 2.720528 0.204726
-1.825316 2.333908 -0.147432
-1.946103 2.401278 -0.147432
-1.840214 2.307199 0.201230
-1.961000 2.374568 0.201230
-0.463003 5.924448 -0.201985
-0.276626 4.742206 -0.122383
-0.463003 5.924448 0.323930
-0.228807 4.742206 0.147084
-0.525141 5.137493 0.351882
-0.492156 5.137493 -0.331595
-0.407293 5.137075 -0.481660
-0.388535 5.137075 0.538786
-0.347989 6.022520 -0.266009
-0.347989 6.014487 0.392758
-0.550263 5.571189 0.351882
-0.517278 5.571189 -0.383639
-0.390936 5.547233 0.538786
-0.425870 5.572141 -0.533704
-0.549823 5.358886 0.351882
-0.516838 5.358886 -0.383639
-0.360241 5.357405 0.538786
-0.425883 5.313669 -0.533704
-0.161137 5.134802 0.637293
-0.186078 6.082950 0.420854
-0.187979 5.134802 -0.554735
-0.186078 6.061386 -0.317422
-0.203352 5.540416 -0.606779
-0.202755 5.505352 0.637293
-0.178499 5.310799 0.637293
-0.176677 5.327041 -0.606779
-0.282324 5.542599 0.597699
-0.280082 5.318087 0.597699
-0.386455 5.433361 0.538786
-0.183382 5.429417 0.637293
-0.390936 5.547233 0.498980
-0.360241 5.357405 0.498980
-0.202755 5.505352 0.597487
-0.178499 5.310799 0.597487
-0.282324 5.542599 0.557893
-0.280082 5.318087 0.557893
-0.386455 5.433361 0.498980
-0.183382 5.429417 0.597487
-0.280638 5.431330 0.557893
-0.528390 5.743439 0.351882
-0.495405 5.743439 -0.362147
-0.429679 5.765842 0.507533
-0.389116 5.789654 -0.452149
-0.197970 5.822304 -0.557180
-0.197121 5.843151 0.573474
-0.377285 4.796107 -0.112295
-0.325482 4.796107 0.386175
-0.221376 4.796107 0.551514
-0.296115 4.796107 -0.229747
-0.129845 4.796107 0.613801
-0.160880 4.796107 -0.296947
-0.463003 5.924448 0.013570
-0.347989 6.019335 0.054527
-0.550263 5.658069 -0.034076
-0.549823 5.270516 -0.034076
-0.186078 6.094638 0.051511
-0.528390 5.743439 -0.048117
-0.550131 5.567549 0.122419
-0.549953 5.369145 0.122419
-0.549933 5.369145 -0.194015
-0.550133 5.567549 -0.194015
-0.617163 5.658011 -0.034078
-0.616723 5.270459 -0.034078
-0.617031 5.567492 0.122418
-0.616854 5.369088 0.122418
-0.616834 5.369088 -0.194016
-0.617033 5.567492 -0.194016
-0.639107 4.047582 0.406400
-0.631428 4.047582 -0.155878
-0.574679 2.183036 0.295764
-0.599630 4.568205 0.264203
-0.574679 2.183036 -0.146079
-0.600553 4.568205 -0.129568
-0.566796 2.256977 -0.146079
-0.566796 2.256977 0.295764
-0.477546 2.815974 -0.086224
-0.475646 2.815974 0.273076
-0.152601 2.183036 -0.146079
-0.152601 2.183036 0.295764
-0.651115 0.012117 0.315299
-0.598462 0.012117 -0.080547
-0.233176 0.012117 -0.080547
-0.161644 0.012117 0.315299
-1.362635 3.585776 0.225379
-1.134135 3.457505 0.179083
-1.149292 3.466689 -0.054187
-1.435484 3.627284 -0.063839
-0.251698 0.696711 0.238667
-0.583745 0.696711 0.238667
-0.251698 0.696711 -0.097915
-0.583745 0.696711 -0.097915
-1.366783 3.672216 -0.044646
-1.159246 3.557528 -0.051535
-1.141353 3.546563 0.183645
-1.328245 3.659577 0.177127
-0.482327 3.479197 -0.104221
-0.455482 3.479197 0.370407
-0.220562 1.163046 0.283207
-0.593641 1.163046 0.283207
-0.220562 1.163046 -0.110776
-0.593641 1.163046 -0.110776
-1.637298 3.010544 0.170091
-1.482821 2.924329 0.172470
-1.501945 2.935823 -0.046258
-1.685001 3.037988 -0.031792
-0.232946 0.366353 0.292826
-0.232946 0.306126 -0.080547
-0.598692 0.306126 -0.080547
-0.598692 0.366353 0.292826
-0.244721 0.012117 0.823371
-0.568038 0.012117 0.823371
-0.249947 0.175551 0.768330
-0.562812 0.175551 0.768330
-0.700171 4.118382 -0.116339
-0.690628 4.146616 0.331346
-0.689252 4.525832 0.217491
-0.703299 4.531493 -0.109810
-1.755838 2.855448 -0.080841
-1.778513 2.680006 0.381493
-1.810328 2.644706 0.296503
-1.689542 2.577337 0.296503
-1.676225 2.622954 0.381493
-1.584831 2.786813 0.264666
-1.687119 2.843866 0.264666
-1.781605 2.696205 0.255329
-1.660817 2.628835 0.255329
-0.235897 4.658012 -0.196006
-0.235897 4.658012 0.342008
-0.580954 2.106593 -0.144304
-0.160208 2.106593 -0.144304
-0.160208 2.106593 0.293989
-0.580954 2.106593 0.293989
-0.596455 0.973035 0.255619
-0.228516 0.973035 0.255619
-0.228516 0.973035 -0.106044
-0.596455 0.973035 -0.106044
-0.607658 1.071048 0.264547
-0.227432 1.071048 -0.110684
-0.227432 1.071048 0.264547
-0.607658 1.071048 -0.110684
-0.562168 2.325952 -0.143927
-0.562168 2.325952 0.293613
-0.586543 1.651167 -0.136615
-0.585932 1.397978 -0.118118
-0.202682 1.397978 -0.118118
-0.173462 1.651167 -0.136615
-0.202682 1.397978 0.267804
-0.173462 1.651167 0.286301
-0.585932 1.397978 0.267804
-0.586543 1.651167 0.286301
-0.459235 3.152536 -0.082804
-0.398148 3.152536 0.343906
-0.554243 3.683429 -0.126151
-0.554243 3.683429 0.402541
-0.546225 2.477642 -0.136517
-0.546225 2.477642 0.286202
-0.235582 4.700109 0.232796
-0.268417 4.700109 -0.177144
-1.625604 2.713711 0.323021
-1.727892 2.770763 0.323021
-1.791053 2.679265 0.274414
-1.670267 2.611895 0.274414
-1.822170 2.601733 0.382012
-1.838806 2.593650 0.304704
-1.718019 2.526280 0.304704
-1.719882 2.544681 0.382012
-0.000000 5.119313 0.637293
-0.000000 5.119313 -0.567630
-0.000000 4.742206 -0.215425
-0.000000 6.105601 0.405194
-0.000000 4.742206 0.256929
-0.000000 6.074245 -0.334433
-0.000000 5.567047 0.637293
-0.000000 5.572141 -0.619674
-0.000000 5.344317 0.637293
-0.000000 5.313669 -0.619674
-0.000000 5.840908 0.589821
-0.000000 5.840908 -0.565943
-0.000000 4.796107 -0.314559
-0.000000 4.796107 0.637293
-0.000000 6.118234 0.048175
-0.000000 4.133955 0.585570
-0.000000 4.133955 -0.255452
-0.000000 2.183036 0.278421
-0.000000 4.658012 0.342008
-0.000000 2.223518 -0.138139
-0.000000 2.256977 -0.222655
-0.000000 4.658012 -0.196006
-0.000000 2.256977 0.368656
-0.000000 2.815974 0.345942
-0.000000 2.815974 -0.199940
-0.000000 3.479197 0.455215
-0.000000 3.479197 -0.168019
-0.000000 2.325952 0.365777
-0.000000 2.325952 -0.229418
-0.000000 3.152536 0.412319
-0.000000 3.152536 -0.180425
-0.000000 3.683429 0.511047
-0.000000 3.683429 -0.196493
-0.000000 2.477642 0.355859
-0.000000 2.477642 -0.234153
-0.000000 4.700109 0.299468
-0.000000 4.700109 -0.205715
-0.369190 4.111586 0.570995
-0.485586 4.600791 -0.160156
-0.330900 2.183036 0.368656
-0.276957 2.815974 -0.199940
-0.330900 2.183036 -0.226248
-0.309557 2.256977 0.366413
-0.235668 2.815974 0.345942
-0.406379 0.012117 0.315299
-0.406379 0.012117 -0.133290
-0.408926 0.696711 -0.156533
-0.408926 0.696711 0.293910
-0.241681 3.479197 0.455215
-0.278300 3.479197 -0.168019
-0.393714 1.163046 -0.175409
-0.393714 1.163046 0.344156
-0.406379 0.306126 -0.133290
-0.406379 0.366353 0.366389
-0.406379 0.012117 0.935190
-0.406379 0.199035 0.764550
-0.386187 4.101739 -0.235769
-0.301391 2.256977 -0.238124
-0.479260 4.615874 0.352226
-0.340190 2.106593 0.366281
-0.340190 2.106593 -0.220279
-0.401715 0.973035 -0.168948
-0.401715 0.973035 0.315059
-0.405521 1.071048 -0.175993
-0.405521 1.071048 0.326172
-0.298294 2.325952 0.365777
-0.298294 2.325952 -0.259457
-0.357448 1.651167 0.355991
-0.376591 1.397978 0.331237
-0.357448 1.651167 -0.209990
-0.376591 1.397978 -0.185236
-0.269957 3.152536 -0.175604
-0.226552 3.152536 0.412319
-0.329392 3.683429 0.511047
-0.329392 3.683429 -0.196493
-0.287625 2.477642 0.355859
-0.287625 2.477642 -0.244931
-1.499000 2.886325 0.077709
-0.679235 4.016204 0.119877
-0.000000 2.183036 0.073001
-0.613330 2.183036 0.073001
-0.602782 2.256977 0.073001
-0.553914 2.815974 0.073001
-0.028083 2.139846 0.073001
-0.651115 0.012117 0.116550
-0.161644 0.012117 0.116550
-1.097547 3.436856 0.107074
-0.631113 0.696711 0.068688
-0.186739 0.696711 0.068688
-1.104797 3.518613 0.075606
-0.554956 3.479197 0.143598
-0.643356 1.163046 0.073001
-0.144071 1.163046 0.073001
-1.439201 2.899983 0.075258
-0.651115 0.306126 0.116550
-0.161644 0.306126 0.116550
-0.698893 4.066798 0.091313
-0.621729 2.106593 0.073001
-0.032758 2.104743 0.073001
-0.647918 0.973035 0.073056
-0.155512 0.973035 0.073056
-0.659945 1.071048 0.075089
-0.151096 1.071048 0.075089
-0.596587 2.325952 0.073001
-0.633857 1.651167 0.073001
-0.633039 1.397978 0.073001
-0.081038 1.651167 0.073001
-0.120143 1.397978 0.073001
-0.521538 3.152536 0.108458
-0.603104 3.683429 0.157277
-0.575251 2.477642 0.073001
-0.406379 0.012117 0.116550
-1.580796 2.931948 0.185454
-1.623254 2.956464 -0.034214
-1.757245 2.689170 -0.103705
-1.734847 2.643530 0.210347
-1.620374 2.843310 0.242339
-1.718753 2.672384 0.239196
-1.717522 2.669133 0.381376
-1.745604 2.624243 0.292302
-1.814684 2.494934 0.382532
-1.810350 2.508160 0.308769
-1.887069 2.368872 -0.147432
-1.900607 2.340883 0.201230
-0.607380 4.386528 -0.174006
-0.626943 4.393166 0.420320
-1.307562 3.555467 -0.130784
-1.240463 3.517207 0.270667
-1.232395 3.601575 0.243631
-1.270861 3.623864 -0.097629
-1.619262 2.954237 -0.076818
-1.557793 2.966171 0.228654
-0.705251 4.387642 -0.143014
-0.705251 4.387642 0.341263
-1.692296 2.820007 -0.080841
-1.727369 2.651480 0.381493
-1.752032 2.612719 0.296503
-1.723308 2.664218 0.255329
-1.635975 2.815340 0.264666
-0.179984 4.395983 0.476013
-0.179984 4.395983 -0.257397
-1.732757 2.647277 0.274414
-1.676749 2.742237 0.323021
-1.771026 2.573207 0.382012
-1.780509 2.561662 0.304704
-0.443580 4.395983 0.476013
-0.443580 4.395983 -0.224472
-0.000000 4.393275 0.477398
-0.434721 4.966800 -0.265531
-0.425312 4.966800 0.369028
-0.000000 4.957710 -0.441095
-0.000000 4.957710 0.637293
-0.304955 4.966591 0.545150
-0.351704 4.966591 -0.390904
-0.145491 4.965455 0.625547
-0.174429 4.965455 -0.434647
-0.591219 0.501419 0.265747
-0.242322 0.501419 0.265747
-0.242322 0.501419 -0.089231
-0.591219 0.501419 -0.089231
-0.407653 0.501419 0.330149
-0.407653 0.501419 -0.144911
-0.174191 0.501419 0.092619
-0.641114 0.501419 0.092619
-0.242582 0.834873 0.242612
-0.587843 0.834873 -0.101860
-0.587843 0.834873 0.242612
-0.242582 0.834873 -0.101860
-0.405568 0.834873 0.299189
-0.405568 0.834873 -0.161812
-0.174539 0.834873 0.068688
-0.636596 0.834873 0.068688
-0.197984 0.253734 0.301537
-0.232946 0.253734 -0.080547
-0.598692 0.253734 -0.080547
-0.624397 0.253734 0.301537
-0.269719 0.142161 0.810491
-0.543040 0.142161 0.810491
-0.406171 0.147247 0.900359
-0.406379 0.253734 -0.133290
-0.651115 0.253734 0.116550
-0.161644 0.253734 0.116550
-0.179851 0.145257 0.308292
-0.232946 0.145257 -0.080547
-0.598692 0.145257 -0.080547
-0.244721 0.087399 0.823371
-0.406379 0.087399 0.935190
-0.406379 0.145257 -0.133290
-0.651115 0.145257 0.116550
-0.161644 0.145257 0.116550
-0.637728 0.145257 0.308292
-0.568038 0.087399 0.823371
-0.169553 0.012117 0.574153
-0.238990 0.244014 0.574153
-0.583019 0.244014 0.574153
-0.643320 0.012117 0.574153
-0.406436 0.012117 0.574153
-0.406436 0.256498 0.574153
-0.617228 0.197947 0.574153
-0.200873 0.197947 0.574153
-0.635632 0.113114 0.574153
-0.180009 0.113114 0.574153
-1.662771 2.977670 0.077432
-0.508649 5.137493 0.010143
-0.294613 4.742206 -0.005765
-0.351384 4.796107 0.093354
-0.612755 4.625965 0.073001
-1.442135 3.630342 0.105066
-1.378863 3.690208 0.073001
-1.680277 3.034531 0.075125
-0.719345 4.595812 0.073677
-1.806153 2.701534 0.056893
-1.665372 2.620672 0.053321
-1.757836 2.795150 0.077145
-1.623276 2.699639 0.079177
-0.359967 4.658012 0.073001
-1.953552 2.387923 0.026899
-1.832765 2.320553 0.026899
-0.328735 4.700109 0.023180
-0.510560 4.644588 0.073001
-1.894517 2.355517 0.026899
-0.430016 4.966800 0.051749
-0.601388 3.906906 -0.144243
-0.592323 3.906906 0.442089
-0.000000 3.906906 0.564480
-0.000000 3.906906 -0.220197
-0.362852 3.906906 0.564480
-0.362852 3.906906 -0.220197
-0.656473 3.906906 0.156281
-0.166835 1.878880 -0.140460
-0.166835 1.878880 0.290145
-0.583749 1.878880 0.290145
-0.583749 1.878880 -0.140460
-0.348819 1.878880 -0.215134
-0.348819 1.878880 0.361136
-0.069845 1.878880 0.073001
-0.627793 1.878880 0.073001
-0.753983 4.052307 -0.092749
-0.754243 4.079474 0.298340
-0.881491 4.392981 0.201851
-0.887635 4.398610 -0.071668
-0.734015 4.012545 0.081086
-0.820367 4.287567 -0.121104
-0.822466 4.283840 0.300674
-0.921669 4.451317 0.074340
-1.159633 4.004193 -0.032002
-0.904512 3.825632 0.073615
-1.062780 3.940451 -0.083904
-1.062248 3.943220 0.246344
-1.199427 4.026812 0.073696
-0.953083 3.858833 -0.050032
-0.962160 3.863391 0.214280
-1.153261 3.996842 0.190000
-1.261039 3.839278 -0.035504
-1.031897 3.650898 0.072731
-1.177147 3.769934 -0.092015
-1.155603 3.752772 0.232522
-1.287201 3.864180 0.075433
-1.089220 3.694905 -0.043865
-1.081114 3.690847 0.186456
-1.236875 3.819905 0.170243
-0.000000 4.393653 -0.257574
-0.183211 0.012117 0.699169
-0.406379 0.012117 0.699169
-0.406379 0.231684 0.658654
-0.606540 0.170054 0.691508
-0.208877 0.170054 0.691508
-0.626119 0.087399 0.699169
-0.188139 0.087399 0.699169
-0.248857 0.212957 0.671241
-0.568402 0.212957 0.671241
-0.629742 0.012117 0.699169
-0.842670 3.961446 -0.077723
-0.854075 3.982973 0.266298
-1.036850 4.204963 0.203247
-1.043224 4.212014 -0.057161
-0.817429 3.929878 0.077086
-0.939140 4.114543 -0.110447
-0.948831 4.120971 0.281713
-1.083574 4.255787 0.073793
-0.590397 1.261909 -0.113865
-0.213038 1.261909 -0.113865
-0.213038 1.261909 0.286297
-0.590397 1.261909 0.286297
-0.386508 1.261909 0.348292
-0.386508 1.261909 -0.179544
-0.639015 1.261909 0.073001
-0.134002 1.261909 0.073001